10
1.09720793133610 0.962671264160354 0.92674095122415 1.02112518804487 0.89615239324912 0.959318862920614 0.79034002784653 1.12877942703574 0.942908951857005
0.911404275744042 1.20943593042195 1.05272367678304 0.96448883653249 1.05282950581414 0.97125911637984 0.924522435432879 1.11662213558955 1.20654314002589
1.03877620245807 0.826831727788273 0.914562798234372 1.02131096657406 1.03719060735921 0.924481330677003 0.894656232538536 0.966569845598163 0.856449256082928
1.07905019054039 0.949916888974937 1.09341862792863 1.05092234688039 1.05778233461588 0.917676928923433 0.90746941736614 0.915854258635955 1.03194222943543
0.979311852951823 1.03681863607170 0.979133714146291 0.951545090813276 1.28741416012468 1.04700798412300 0.946885237301992 0.932818560500305 0.95453410792032
1.11588163746834 0.94982140458413 0.9641429385348 0.945374078650255 0.776750816460766 1.05394912934791 1.03884901557838 0.97904864285848 1.05540443231889
1.04240627246246 1.02959136561548 1.08168760884300 1.08970811892715 0.955102554292001 0.948812397253662 1.03748055247132 1.11085532407621 0.864900901469256
1.26527819010349 1.08163951644049 1.11774776012297 1.10196551075233 1.05609419241697 0.962603790352777 0.96387348911549 1.01733546477659 0.953263975401723
0.885912673502633 0.895558101641986 1.03458638250932 1.09187678123523 1.07201983573704 1.02139971011078 0.900207235205538 0.982959932709708 1.11111866726716
1.06054778463027 0.828814127589788 1.16761149933578 0.969046494537868 1.04763150075248 0.947504074625536 1.15620182416418 1.04902736891802 0.899993879555224
