11
0.964713436722466 1.02050308109286 1.02635839030005 1.16763253967102 0.859728784725136 0.966785913242886 0.99731764281263 1.12410746129299 1.01473138725494 0.844681839859018
1.03657724867751 0.989525023243132 0.972931743436982 1.05299909995318 0.935551680062965 1.07087330477104 0.912570377521976 0.788178130454887 1.18055535878249 0.86126766465312
0.979908849397197 1.01058586343025 0.90965566502036 0.985494439117729 1.16117057834265 1.04429486659303 0.97629906630013 1.10759849980843 1.18791173216350 0.92514477665273
0.974318531860647 1.02782133150204 1.09931706958327 1.21607926165406 1.13443086861738 0.977267254383654 0.847934553622239 1.14366146862429 0.981405380335435 0.89978678589664
0.856433823163018 0.949668428058924 1.01471906923722 0.822314820696675 1.07405800442831 0.901843410666667 1.22375288414893 0.998066271692728 0.95039528408151 1.08116847655905
1.16315751870482 1.06888803826711 0.86119991209845 0.881499285380678 0.931048412541067 1.06004236484661 1.17556959981489 0.93173467708706 0.920324482355235 0.928745913437753
1.03435516209137 0.933817283094758 0.957583946823816 1.02326154438755 1.10883994734826 0.943358523359303 0.917113292250864 0.851208128607375 0.959784656108161 0.947177967558779
1.00268957157903 1.09580589577697 1.02427630479018 1.17933630104843 0.817158441833179 0.850651463050304 1.09037782839861 1.01016954049103 1.04768272584388 1.38089572470799
0.889594664597071 1.26874872742645 0.902854238402238 0.874384621178942 1.00193747485725 1.07326691234286 1.17480081121412 0.989932837921355 0.877179712911405 1.09521679018746
0.985482476012895 0.847058964715813 0.841813388086279 1.01894693063351 1.05219377321135 1.08657328928256 1.04190038217000 0.954487437210082 1.14001724536121 1.03287254345789
1.18387770733523 1.16107923360011 1.08091190183022 1.11137440077373 0.924925228288768 1.07672075379422 1.05576780103676 0.724167641413667 0.913061239527595 0.9681736689913
