12
1.00998226213675 0.938149232353446 0.959474550827652 0.958246779769518 1.04249867274013 0.885471618096303 1.01280802896457 0.951767124460715 1.21439532867403 1.01224919539960 0.970886913028798
0.990116398563644 0.963801989765896 0.82562557808801 0.950798724296847 1.21771304484154 1.37447853271680 1.00019766724034 1.03634510786841 0.980043244816612 1.33653661780736 0.83352650531042
1.06592849571640 1.03755751764208 1.00603489442693 0.964872110201621 1.11319125548800 0.866154708119438 1.03435927713542 0.994274704270193 0.909983503517632 1.25166871345494 0.977839956540889
1.04223712774600 1.21120278554815 0.994001307051715 1.06868558863927 1.03883312803151 1.00166536988562 0.988583637905302 0.814904537309312 0.895682222720221 0.840487419114984 0.948254511629442
1.04357251296010 1.05174730933673 1.03640678326896 0.935728909073508 0.946804812560062 0.89585973465614 0.879062792830732 1.24744669667081 0.849340571194617 1.06408464453982 0.968544870419534
0.95923383515835 0.82121153603157 0.8983182315438 0.962618512075087 1.05618390056141 0.908461933180442 0.93951173189517 0.95886607334434 1.03411242181223 0.839489124507039 1.10444355068105
1.12934167460943 0.727548649321862 1.15452815833693 0.998337398960084 1.11624617260405 1.10076158777407 1.09514166426513 1.05706850137436 1.0652530686419 1.01582236913231 0.893978532352129
0.987353942111154 0.99980237182428 0.966782067029383 1.01154820053353 1.13757516318013 1.0643826639427 0.913123874865107 0.881947826277827 1.02074239636216 1.04813061293906 0.991848347843186
1.05067718173877 0.964929532071453 1.00575826349118 1.22713760227897 0.80163745887404 1.04289851085480 0.946012485188837 1.13385391993130 1.36473548338135 1.09130639074239 1.03819331650844
0.823455077920861 1.02036313732985 1.09892102014421 1.11646739729071 1.17738400108861 0.967012849770777 0.93874406883888 0.97967910764157 0.732742727200395 0.88710221594243 1.05085727228647
0.987899031725324 0.74820247098096 0.798933447205636 1.18978580435265 0.939774862019987 1.19120066098202 0.98442407884183 0.954079565709758 0.916332945983874 1.12726581224649 0.953961955318127
1.02998607415603 1.19972189681909 1.02266223967519 1.05456919818039 1.03247668801017 0.905433328288582 1.11859509351854 1.00821864771418 0.963211748812935 0.951604015476038 1.04825983303131
