9
0.891726166330291 0.982839077121489 0.961087563441624 0.908820612080372 1.01943259247671 0.940991318622858 1.08809452688322 0.961615570492504
1.12142049628900 1.00998367062668 1.18842313237613 1.04625400206549 1.01245162785549 1.02635623693314 1.08688229344534 0.936864446961772
1.01746056224054 0.990115017779954 0.854435791102143 1.03684542242460 1.0640653147443 1.06289458143568 1.03137022657970 1.17397953571486
1.04048792018391 0.841451140386843 1.17036295812245 0.944576075772036 0.94480656947177 1.32241417360673 1.22540458635106 1.06112011186233
1.10032715665516 0.955790848136133 0.964463919473704 1.05867597713891 1.10747974540674 0.919954774736415 1.10345661682569 1.04692930971580
0.980937834811132 0.987701508385283 0.939791933956898 1.05841770401648 0.90295105093117 0.978006404496345 1.06296265521469 0.858131640710691
1.06270906033809 0.974320576048821 0.940827074919582 0.756192742000503 1.08700995686067 1.02248819169541 1.00881891453292 0.850714489948195
0.919037799835682 0.9200628311186 0.969583932354022 0.816057007733046 0.906243149709585 0.940766822892786 0.991258178840747 1.24800772075050
1.03991660564298 1.0673902753413 0.851803604388285 0.942400383162036 0.955174328122936 1.16532237311727 1.17548250537133 0.80127709418227
