13
1.11483667784271 0.954389522544464 0.95777566724195 1.15831286726049 0.989564902717198 1.00793649257670 1.06128270108998 0.990062847996125 1.01633111497821 0.952439403227088 1.10521047800612 1.04098195609101
0.896992375542463 0.907880761110357 1.07000553377893 0.941962388510687 1.10923958691991 1.03474495547249 0.981741037866428 1.27847439729244 0.850459742594674 0.905646585727706 0.881130172682063 1.13470553256270
1.04779021183503 1.10146623084840 0.958532255865288 1.00119810005664 1.18997108252725 1.08562501591084 0.98952901769939 0.974366364980198 1.15763707683787 1.07097942850475 0.998629068335676 1.20779028374709
1.04408582740428 0.934574605860504 1.04326170964093 1.04891535214127 1.10604810579240 1.02250682273795 1.0867971263886 0.977778953773972 0.955054179394215 1.15956193255442 0.90232052908898 1.09889874435229
0.863324606213762 1.06161351259584 0.998803333669355 0.953365777284687 1.08363232098655 1.03583707314715 1.30063713228935 1.02498468897425 0.992185351320185 0.973544139330514 0.887884419603419 1.05122655558830
1.01054513681129 0.90151849230044 0.840356555451927 0.904119807052678 0.922822234657588 1.06291083282610 0.968104689431645 0.98554922715751 0.947648847555476 1.02588863146224 1.06850453992483 1.01317116063782
0.99212599937084 0.966421720358496 0.92112836876829 0.977988584293562 0.965402789612206 0.940812690130523 1.07773717333765 0.85735482500021 1.0003630729522 0.997879818458919 0.944218182405003 0.95076480546615
0.942256006785904 1.01859855239754 1.01058178397330 0.920134932011622 0.76885395255464 1.03294613786767 0.927870008327813 0.965595280818615 1.07076503942006 1.09465300878878 1.14351136061638 0.937981084840227
1.01003689010651 0.782182265141802 1.02630800481328 1.02272604267075 0.975624329569979 1.01466265960572 1.16637822619095 1.03563057925492 0.952699047679544 1.07566342307698 1.11454357894537 1.00976705607058
0.983931304731768 1.17583461028866 0.863828586703131 1.04706101661614 1.00787619840327 1.05524319749828 0.999637058821924 0.933911701620001 1.04964941702804 1.11314461140305 0.919752071574927 0.927241957794869
1.04993556189692 1.10418348145870 0.933724750806983 0.862394643981702 1.02717479321244 0.974764676526982 1.00212468626167 0.913531495342518 0.929658830584251 0.898355873761598 1.16944630789341 0.926840333629852
0.90480503026362 1.13490609106724 1.00137281369809 1.10825362802024 1.12627271964819 0.935887460122865 1.05907725421355 0.874499401091191 0.897228263560804 1.08724952180609 0.855105525794817 1.15289155567515
0.960631444328867 0.8812859118978 0.827958308206922 0.91000194980605 0.951269728379693 0.987000063612616 1.05178483074972 1.06611957976779 0.990327416593895 1.07846715907697 1.07893448711239 0.867384269645713
